{
 "cells": [
  {
   "cell_type": "markdown",
   "id": "fed01291",
   "metadata": {},
   "source": [
    "# Import packages"
   ]
  },
  {
   "cell_type": "code",
   "execution_count": 1,
   "id": "402a0b8e",
   "metadata": {},
   "outputs": [
    {
     "name": "stderr",
     "output_type": "stream",
     "text": [
      "C:\\Users\\Administrator\\Anaconda3\\envs\\FDNet\\lib\\site-packages\\matchms\\Scores.py:6: UserWarning: A NumPy version >=1.22.4 and <2.3.0 is required for this version of SciPy (detected version 1.22.3)\n",
      "  from scipy.sparse import coo_matrix\n",
      "C:\\Users\\Administrator\\Anaconda3\\envs\\FDNet\\lib\\site-packages\\tqdm\\auto.py:22: TqdmWarning: IProgress not found. Please update jupyter and ipywidgets. See https://ipywidgets.readthedocs.io/en/stable/user_install.html\n",
      "  from .autonotebook import tqdm as notebook_tqdm\n"
     ]
    }
   ],
   "source": [
    "import os\n",
    "os.chdir('E:/github/MSBERT')\n",
    "from matchms_workflow.Similarity import FilterSpectra,MSBERTSimilarity\n",
    "from matchms.importing import load_from_msp\n",
    "from matchms import calculate_scores"
   ]
  },
  {
   "cell_type": "markdown",
   "id": "3a10d7ff",
   "metadata": {},
   "source": [
    "# Load demo data"
   ]
  },
  {
   "cell_type": "code",
   "execution_count": 4,
   "id": "c7575efe",
   "metadata": {},
   "outputs": [],
   "source": [
    "demofile = 'matchms_workflow/demo_msms.msp'\n",
    "spectra = list(load_from_msp(demofile))\n",
    "spectra = FilterSpectra(spectra)"
   ]
  },
  {
   "cell_type": "markdown",
   "id": "05da4360",
   "metadata": {},
   "source": [
    "# Calculate MSBERT similarity scores between all spectra in matchms workflow"
   ]
  },
  {
   "cell_type": "code",
   "execution_count": 5,
   "id": "8e7c0085",
   "metadata": {},
   "outputs": [
    {
     "name": "stderr",
     "output_type": "stream",
     "text": [
      "100%|████████████████████████████████████████████████████████████████████████████████████████████| 1/1 [00:00<?, ?it/s]\n",
      "1it [00:01,  1.25s/it]\n",
      "100%|████████████████████████████████████████████████████████████████████████████████████████████| 1/1 [00:00<?, ?it/s]\n",
      "1it [00:00, 166.70it/s]\n",
      "100%|████████████████████████████████████████████████████████████████████████████████████████████| 1/1 [00:00<?, ?it/s]\n",
      "1it [00:00, 198.83it/s]\n",
      "100%|████████████████████████████████████████████████████████████████████████████████████████████| 1/1 [00:00<?, ?it/s]\n",
      "1it [00:00, 198.84it/s]\n",
      "100%|██████████████████████████████████████████████████████████████████████████████████| 1/1 [00:00<00:00, 1000.31it/s]\n",
      "1it [00:00, 143.48it/s]\n",
      "100%|██████████████████████████████████████████████████████████████████████████████████| 1/1 [00:00<00:00, 1000.55it/s]\n",
      "1it [00:00, 173.18it/s]\n",
      "100%|████████████████████████████████████████████████████████████████████████████████████████████| 1/1 [00:00<?, ?it/s]\n",
      "1it [00:00, 181.02it/s]\n",
      "100%|██████████████████████████████████████████████████████████████████████████████████| 1/1 [00:00<00:00, 1952.66it/s]\n",
      "1it [00:00, 198.98it/s]\n",
      "100%|████████████████████████████████████████████████████████████████████████████████████████████| 1/1 [00:00<?, ?it/s]\n",
      "1it [00:00, 165.82it/s]\n",
      "100%|██████████████████████████████████████████████████████████████████████████████████| 1/1 [00:00<00:00, 1025.75it/s]\n",
      "1it [00:00, 166.70it/s]\n",
      "100%|████████████████████████████████████████████████████████████████████████████████████████████| 1/1 [00:00<?, ?it/s]\n",
      "1it [00:00, 166.47it/s]\n",
      "100%|████████████████████████████████████████████████████████████████████████████████████████████| 1/1 [00:00<?, ?it/s]\n",
      "1it [00:00, 162.89it/s]\n",
      "100%|████████████████████████████████████████████████████████████████████████████████████████████| 1/1 [00:00<?, ?it/s]\n",
      "1it [00:00, 167.63it/s]\n",
      "100%|████████████████████████████████████████████████████████████████████████████████████████████| 1/1 [00:00<?, ?it/s]\n",
      "1it [00:00, 166.71it/s]\n",
      "100%|████████████████████████████████████████████████████████████████████████████████████████████| 1/1 [00:00<?, ?it/s]\n",
      "1it [00:00, 166.69it/s]\n",
      "100%|████████████████████████████████████████████████████████████████████████████████████████████| 1/1 [00:00<?, ?it/s]\n",
      "1it [00:00, 166.69it/s]\n",
      "100%|███████████████████████████████████████████████████████████████████████████████████| 1/1 [00:00<00:00, 999.83it/s]\n",
      "1it [00:00, 163.28it/s]\n",
      "100%|████████████████████████████████████████████████████████████████████████████████████████████| 1/1 [00:00<?, ?it/s]\n",
      "1it [00:00, 198.85it/s]\n",
      "100%|████████████████████████████████████████████████████████████████████████████████████████████| 1/1 [00:00<?, ?it/s]\n",
      "1it [00:00, 166.62it/s]\n",
      "100%|████████████████████████████████████████████████████████████████████████████████████████████| 1/1 [00:00<?, ?it/s]\n",
      "1it [00:00, 201.45it/s]\n",
      "100%|████████████████████████████████████████████████████████████████████████████████████████████| 1/1 [00:00<?, ?it/s]\n",
      "1it [00:00, 167.52it/s]\n",
      "100%|████████████████████████████████████████████████████████████████████████████████████████████| 1/1 [00:00<?, ?it/s]\n",
      "1it [00:00, 165.87it/s]\n",
      "100%|████████████████████████████████████████████████████████████████████████████████████████████| 1/1 [00:00<?, ?it/s]\n",
      "1it [00:00, 200.03it/s]\n",
      "100%|████████████████████████████████████████████████████████████████████████████████████████████| 1/1 [00:00<?, ?it/s]\n",
      "1it [00:00, 167.00it/s]\n",
      "100%|██████████████████████████████████████████████████████████████████████████████████| 1/1 [00:00<00:00, 1001.03it/s]\n",
      "1it [00:00, 200.01it/s]\n",
      "100%|███████████████████████████████████████████████████████████████████████████████████| 1/1 [00:00<00:00, 999.60it/s]\n",
      "1it [00:00, 166.67it/s]\n",
      "100%|██████████████████████████████████████████████████████████████████████████████████| 1/1 [00:00<00:00, 1001.03it/s]\n",
      "1it [00:00, 167.26it/s]\n",
      "100%|██████████████████████████████████████████████████████████████████████████████████| 1/1 [00:00<00:00, 1000.79it/s]\n",
      "1it [00:00, 142.85it/s]\n",
      "100%|████████████████████████████████████████████████████████████████████████████████████████████| 1/1 [00:00<?, ?it/s]\n",
      "1it [00:00, 142.25it/s]\n",
      "100%|████████████████████████████████████████████████████████████████████████████████████████████| 1/1 [00:00<?, ?it/s]\n",
      "1it [00:00, 200.04it/s]\n",
      "100%|████████████████████████████████████████████████████████████████████████████████████████████| 1/1 [00:00<?, ?it/s]\n",
      "1it [00:00, 143.49it/s]\n",
      "100%|████████████████████████████████████████████████████████████████████████████████████████████| 1/1 [00:00<?, ?it/s]\n",
      "1it [00:00, 199.89it/s]\n",
      "100%|████████████████████████████████████████████████████████████████████████████████████████████| 1/1 [00:00<?, ?it/s]\n",
      "1it [00:00, 201.05it/s]\n",
      "100%|████████████████████████████████████████████████████████████████████████████████████████████| 1/1 [00:00<?, ?it/s]\n",
      "1it [00:00, 167.48it/s]\n",
      "100%|████████████████████████████████████████████████████████████████████████████████████████████| 1/1 [00:00<?, ?it/s]\n",
      "1it [00:00, 167.46it/s]\n",
      "100%|████████████████████████████████████████████████████████████████████████████████████████████| 1/1 [00:00<?, ?it/s]\n",
      "1it [00:00, 165.72it/s]\n",
      "100%|████████████████████████████████████████████████████████████████████████████████████████████| 1/1 [00:00<?, ?it/s]\n",
      "1it [00:00, 166.69it/s]\n",
      "100%|████████████████████████████████████████████████████████████████████████████████████████████| 1/1 [00:00<?, ?it/s]\n",
      "1it [00:00, 166.63it/s]\n",
      "100%|████████████████████████████████████████████████████████████████████████████████████████████| 1/1 [00:00<?, ?it/s]\n",
      "1it [00:00, 174.63it/s]\n",
      "100%|████████████████████████████████████████████████████████████████████████████████████████████| 1/1 [00:00<?, ?it/s]\n",
      "1it [00:00, 165.95it/s]\n",
      "100%|████████████████████████████████████████████████████████████████████████████████████████████| 1/1 [00:00<?, ?it/s]\n",
      "1it [00:00, 198.85it/s]\n",
      "100%|███████████████████████████████████████████████████████████████████████████████████| 1/1 [00:00<00:00, 972.48it/s]\n",
      "1it [00:00, 201.18it/s]\n"
     ]
    }
   ],
   "source": [
    "MSBERT_Similarity = MSBERTSimilarity()\n",
    "scores = calculate_scores(references=spectra,\n",
    "                          queries=spectra,\n",
    "                          similarity_function=MSBERT_Similarity).to_array()"
   ]
  },
  {
   "cell_type": "code",
   "execution_count": 6,
   "id": "8c3122f9",
   "metadata": {},
   "outputs": [
    {
     "name": "stdout",
     "output_type": "stream",
     "text": [
      "[[ 1.00000000e+00  4.89003552e-02  1.75568119e-02  9.85233481e-02\n",
      "   8.50714363e-03  1.58642989e-01 -1.26278671e-02  9.39751701e-02\n",
      "   1.46103090e-01  1.36615592e-01  8.27850433e-02 -3.49994794e-02\n",
      "   5.99693956e-02  1.74745174e-01  5.84720742e-03  1.05228397e-01\n",
      "   3.03380957e-02  3.56989857e-02  7.20881468e-02 -9.77390421e-04\n",
      "   1.05676742e-01]\n",
      " [ 4.89003552e-02  1.00000000e+00  2.82447771e-01  2.67785088e-01\n",
      "   1.56173897e-01  1.69856613e-01  7.95287386e-02  4.80118307e-02\n",
      "   3.03744252e-01  2.00839853e-01  2.81794778e-01 -1.79398515e-02\n",
      "   7.64022923e-02  2.25629331e-01  5.08553652e-02  3.73094000e-02\n",
      "   1.08784962e-02  8.73361013e-02  3.27658115e-01 -1.44601068e-02\n",
      "   3.54276443e-01]\n",
      " [ 1.75568119e-02  2.82447771e-01  1.00000000e+00  2.62984202e-01\n",
      "   2.57897046e-01  4.49310765e-02  1.63462858e-01  1.26610007e-01\n",
      "   2.90315823e-01  1.31983639e-01  1.72373720e-01  1.23535108e-01\n",
      "  -3.03235958e-02 -4.42158204e-02 -2.28986439e-02  2.14214119e-01\n",
      "   1.13912441e-01  1.46115618e-01  3.59339941e-01  7.88005486e-03\n",
      "   2.04651403e-01]\n",
      " [ 9.85233481e-02  2.67785088e-01  2.62984202e-01  1.00000000e+00\n",
      "   1.85766044e-01 -8.82602962e-02 -3.34389613e-03  1.81961723e-02\n",
      "   2.72520766e-01  9.87310883e-02  7.37070730e-02  7.12423338e-03\n",
      "   5.99088402e-03  3.37045304e-01  1.64290128e-01  1.33871590e-01\n",
      "   5.17306761e-02  1.48772229e-01  2.96850965e-01  2.78601708e-02\n",
      "   1.55778511e-01]\n",
      " [ 8.50714363e-03  1.56173897e-01  2.57897046e-01  1.85766044e-01\n",
      "   1.00000000e+00  9.86627830e-02  9.22433315e-02  4.89239718e-02\n",
      "   1.79854504e-01  1.28435323e-02  3.22629322e-01  2.60795480e-01\n",
      "   1.15911240e-01  1.87887243e-02  3.85160962e-02  6.86302289e-02\n",
      "   9.43254851e-03  1.49287004e-01  2.85118724e-01  1.87349212e-01\n",
      "   3.18398028e-01]\n",
      " [ 1.58642989e-01  1.69856613e-01  4.49310765e-02 -8.82602962e-02\n",
      "   9.86627830e-02  1.00000000e+00  3.27420029e-01  5.99140259e-02\n",
      "   8.78972733e-02  2.53080573e-02  2.34296660e-01  2.95611510e-01\n",
      "   2.44417425e-01  1.00068598e-01 -1.41508884e-02  2.15710058e-02\n",
      "   5.13219605e-03  6.72203104e-02 -5.33798545e-04  1.96125439e-01\n",
      "   7.63245891e-02]\n",
      " [-1.26278671e-02  7.95287386e-02  1.63462858e-01 -3.34389613e-03\n",
      "   9.22433315e-02  3.27420029e-01  1.00000000e+00  1.15109109e-01\n",
      "   7.78437582e-02 -3.22747898e-02  2.06258716e-01  1.20858755e-01\n",
      "   1.78620119e-01  1.34951531e-02 -9.26054315e-02  1.96320886e-01\n",
      "   7.65246729e-02 -7.25909377e-02  8.81529745e-03  9.81831112e-02\n",
      "   2.66852657e-02]\n",
      " [ 9.39751701e-02  4.80118307e-02  1.26610007e-01  1.81961723e-02\n",
      "   4.89239718e-02  5.99140259e-02  1.15109109e-01  1.00000000e+00\n",
      "   2.07885026e-02  7.27669241e-02  1.66706410e-01  8.22001437e-02\n",
      "   2.74949902e-01 -2.35182455e-04 -4.65869805e-02  2.16545325e-01\n",
      "   9.06123655e-02  3.36054452e-02  6.41094470e-02  1.48525870e-02\n",
      "   1.15946551e-01]\n",
      " [ 1.46103090e-01  3.03744252e-01  2.90315823e-01  2.72520766e-01\n",
      "   1.79854504e-01  8.78972733e-02  7.78437582e-02  2.07885026e-02\n",
      "   1.00000000e+00  1.42936485e-01  7.81411872e-02  1.27835204e-01\n",
      "  -3.81994949e-02  8.15030686e-02  3.81989175e-02  3.54406726e-02\n",
      "  -3.34444230e-02  8.88321675e-02  4.20827412e-01  7.72043344e-02\n",
      "   1.78066737e-01]\n",
      " [ 1.36615592e-01  2.00839853e-01  1.31983639e-01  9.87310883e-02\n",
      "   1.28435323e-02  2.53080573e-02 -3.22747898e-02  7.27669241e-02\n",
      "   1.42936485e-01  1.00000000e+00 -2.40036200e-03 -2.94991135e-02\n",
      "   1.50582099e-02  5.77201380e-02  9.38471438e-02 -4.94073930e-02\n",
      "  -8.36572220e-03  1.89941905e-01  2.63820699e-01  4.38967119e-02\n",
      "   2.66951950e-01]\n",
      " [ 8.27850433e-02  2.81794778e-01  1.72373720e-01  7.37070730e-02\n",
      "   3.22629322e-01  2.34296660e-01  2.06258716e-01  1.66706410e-01\n",
      "   7.81411872e-02 -2.40036200e-03  1.00000000e+00  7.06617967e-02\n",
      "   3.03707426e-01  7.66192635e-02 -6.35126563e-02  1.18226519e-01\n",
      "   1.43268590e-01  1.04505074e-01  1.20464200e-01  1.57911579e-01\n",
      "   3.22858716e-01]\n",
      " [-3.49994794e-02 -1.79398515e-02  1.23535108e-01  7.12423338e-03\n",
      "   2.60795480e-01  2.95611510e-01  1.20858755e-01  8.22001437e-02\n",
      "   1.27835204e-01 -2.94991135e-02  7.06617967e-02  1.00000000e+00\n",
      "   1.39578995e-01  2.76596846e-02  8.70624080e-02  9.50709167e-02\n",
      "   1.34292173e-01  1.65500392e-01  5.73082684e-02  3.64113567e-01\n",
      "   5.22841218e-02]\n",
      " [ 5.99693956e-02  7.64022923e-02 -3.03235958e-02  5.99088402e-03\n",
      "   1.15911240e-01  2.44417425e-01  1.78620119e-01  2.74949902e-01\n",
      "  -3.81994949e-02  1.50582099e-02  3.03707426e-01  1.39578995e-01\n",
      "   1.00000000e+00  1.65523705e-01  7.01428909e-02  1.54905493e-01\n",
      "   6.06657255e-02  1.18459079e-01  4.72403614e-02  2.71778604e-01\n",
      "   1.52371818e-01]\n",
      " [ 1.74745174e-01  2.25629331e-01 -4.42158204e-02  3.37045304e-01\n",
      "   1.87887243e-02  1.00068598e-01  1.34951531e-02 -2.35182455e-04\n",
      "   8.15030686e-02  5.77201380e-02  7.66192635e-02  2.76596846e-02\n",
      "   1.65523705e-01  1.00000000e+00  3.93160179e-01  1.42077706e-01\n",
      "   7.33130137e-02 -2.14218819e-02 -4.19093560e-02  2.83344754e-02\n",
      "   1.40630134e-01]\n",
      " [ 5.84720742e-03  5.08553652e-02 -2.28986439e-02  1.64290128e-01\n",
      "   3.85160962e-02 -1.41508884e-02 -9.26054315e-02 -4.65869805e-02\n",
      "   3.81989175e-02  9.38471438e-02 -6.35126563e-02  8.70624080e-02\n",
      "   7.01428909e-02  3.93160179e-01  1.00000000e+00  5.62914857e-02\n",
      "  -2.03601112e-02  1.40316399e-01  8.87730459e-03  4.89121126e-02\n",
      "   6.46654087e-02]\n",
      " [ 1.05228397e-01  3.73094000e-02  2.14214119e-01  1.33871590e-01\n",
      "   6.86302289e-02  2.15710058e-02  1.96320886e-01  2.16545325e-01\n",
      "   3.54406726e-02 -4.94073930e-02  1.18226519e-01  9.50709167e-02\n",
      "   1.54905493e-01  1.42077706e-01  5.62914857e-02  1.00000000e+00\n",
      "   2.93949847e-01  3.76713303e-03  1.25678352e-02 -1.94149887e-02\n",
      "   6.38248185e-02]\n",
      " [ 3.03380957e-02  1.08784962e-02  1.13912441e-01  5.17306761e-02\n",
      "   9.43254851e-03  5.13219605e-03  7.65246729e-02  9.06123655e-02\n",
      "  -3.34444230e-02 -8.36572220e-03  1.43268590e-01  1.34292173e-01\n",
      "   6.06657255e-02  7.33130137e-02 -2.03601112e-02  2.93949847e-01\n",
      "   1.00000000e+00  7.89406244e-02  1.11185410e-01  3.00398525e-02\n",
      "   1.24547446e-02]\n",
      " [ 3.56989857e-02  8.73361013e-02  1.46115618e-01  1.48772229e-01\n",
      "   1.49287004e-01  6.72203104e-02 -7.25909377e-02  3.36054452e-02\n",
      "   8.88321675e-02  1.89941905e-01  1.04505074e-01  1.65500392e-01\n",
      "   1.18459079e-01 -2.14218819e-02  1.40316399e-01  3.76713303e-03\n",
      "   7.89406244e-02  1.00000000e+00  1.58922086e-01  4.18028135e-01\n",
      "   2.35260053e-01]\n",
      " [ 7.20881468e-02  3.27658115e-01  3.59339941e-01  2.96850965e-01\n",
      "   2.85118724e-01 -5.33798545e-04  8.81529745e-03  6.41094470e-02\n",
      "   4.20827412e-01  2.63820699e-01  1.20464200e-01  5.73082684e-02\n",
      "   4.72403614e-02 -4.19093560e-02  8.87730459e-03  1.25678352e-02\n",
      "   1.11185410e-01  1.58922086e-01  1.00000000e+00  5.83748786e-02\n",
      "   2.77233901e-01]\n",
      " [-9.77390421e-04 -1.44601068e-02  7.88005486e-03  2.78601708e-02\n",
      "   1.87349212e-01  1.96125439e-01  9.81831112e-02  1.48525870e-02\n",
      "   7.72043344e-02  4.38967119e-02  1.57911579e-01  3.64113567e-01\n",
      "   2.71778604e-01  2.83344754e-02  4.89121126e-02 -1.94149887e-02\n",
      "   3.00398525e-02  4.18028135e-01  5.83748786e-02  1.00000000e+00\n",
      "   5.82368017e-02]\n",
      " [ 1.05676742e-01  3.54276443e-01  2.04651403e-01  1.55778511e-01\n",
      "   3.18398028e-01  7.63245891e-02  2.66852657e-02  1.15946551e-01\n",
      "   1.78066737e-01  2.66951950e-01  3.22858716e-01  5.22841218e-02\n",
      "   1.52371818e-01  1.40630134e-01  6.46654087e-02  6.38248185e-02\n",
      "   1.24547446e-02  2.35260053e-01  2.77233901e-01  5.82368017e-02\n",
      "   1.00000000e+00]]\n"
     ]
    }
   ],
   "source": [
    "print(scores)"
   ]
  },
  {
   "cell_type": "code",
   "execution_count": null,
   "id": "72d59372",
   "metadata": {},
   "outputs": [],
   "source": []
  }
 ],
 "metadata": {
  "kernelspec": {
   "display_name": "Python 3 (ipykernel)",
   "language": "python",
   "name": "python3"
  },
  "language_info": {
   "codemirror_mode": {
    "name": "ipython",
    "version": 3
   },
   "file_extension": ".py",
   "mimetype": "text/x-python",
   "name": "python",
   "nbconvert_exporter": "python",
   "pygments_lexer": "ipython3",
   "version": "3.9.12"
  }
 },
 "nbformat": 4,
 "nbformat_minor": 5
}
